# x y z bc
22
0     -4.5       0          100
0     -4.5      -7.5        100
0     -7.5       0          100
0     -7.5      -7.5        100
0     -12        0          100
0     -12       -7.5        100
0      0         0          100
0      0        -3          100
0      0        -7.5        100
0      0        -12         100
0      4.5       0          100
0      4.5      -7.5        100
0      7.5       0          100
0      7.5      -7.5        100
0      12        0          100
0      12       -7.5        100
-3    -12        0          1
-3     12        0          1
3     -7.5       0          1
3      7.5       0          1
15    -7.5       0          1
15     7.5       0          1
