# x y z bc
22
0.5     0.8660254   -10     100
1.0     1.7320508     0     100
1.0     1.7320508    -5     100
1.0     1.7320508     0     100
4.5     7.7942286     0     100
4.5     7.7942286   -10     100
0       -2            0     100
0       -2           -10    100
0       -8            0     100
0       -8           -5     100
0       -8           -10    100
0        2           -10    100
0        9            0     100
0        9           -10    100
0.6       2.0         0       1
2.3       8.0         0       1
3.0      -2.0         0       1
4.2       2.0         0       1
7.6       8.0         0       1
-3.0     -2.0         0       1
-3.0      2.0         0       1
-3.0      8.0         0       1
