# x y z bc
30
0     -5      0       100
0     -5     -5       100
0     -5     -10      100
0     -5     -15      100
0     -15    -10      100
0      0     -10      100
0      5     -10      100
0      10    -10      100
0      15     0       100
0      15    -5       100
0      15    -10      100
0      15    -15      100
3     -5      0       1
3      5      0       1
3      15     0       1
10    -20     0       1
10     0      0       1
10     20     0       1
20    -20     0       1
20     0      0       1
20     20     0       1
-3    -5      0       1
-3     5      0       1
-3     15     0       1
-10   -20     0       1
-10    0      0       1
-10    20     0       1
-20   -20     0       1
-20    0      0       1
-20    20     0       1
