# x y z bc
24
0     -5    -10     100
0     -10    0      100
0     -10   -5      100
0     -10   -10     100
0     -10   -15     100
0      0     0      100
0      0    -10     100
1.6    0     0      100
1.6    0    -10     100
1.6    4    -5      100
1.6    5     0      100
1.6    5    -5      100
1.6    5    -10     100
1.6    5    -15     100
1.6    6.5  -10     100
1.6    10   -10     100
1.6    20    0      100
1.6    20   -10     100
3     -5     0      1
3      5     0      1
3     15     0      1
-3    -5     0      1
-3     5     0      1
-3    15     0      1
